useless_incoming_message: 
  id: 1
  info_request_id: 101
  updated_at: 2007-11-13 18:09:20.042061
  raw_email_id: 1
  created_at: 2007-11-13 18:09:20.042061

