pro_account_7:
  id: 1
  user_id: 7
  default_embargo_duration: nil
  updated_at: 2007-10-31 10:39:15.491593
  created_at: 2007-10-31 10:39:15.491593

pro_account_8:
  id: 1
  user_id: 8
  default_embargo_duration: nil
  updated_at: 2007-10-31 10:39:15.491593
  created_at: 2007-10-31 10:39:15.491593
